P	V	L	H	PS	ED	RD
100.00	250.00	0.05	0.11	40.8	70.18	95.40
100.00	250.00	0.05	0.11	40.8	70.18	97.70
100.00	250.00	0.05	0.11	40.8	70.18	93.80
100.00	175.00	0.05	0.11	40.8	100.25	93.90
100.00	120.00	0.05	0.11	40.8	150.15	97.14
100.00	120.00	0.05	0.11	40.8	150.15	95.70
100.00	120.00	0.05	0.11	40.8	150.15	94.30
100.00	239.00	0.05	0.11	40.8	75.39	96.80
100.00	239.00	0.05	0.12	40.8	69.74	92.40
100.00	239.00	0.05	0.12	40.8	69.74	93.80
100.00	167.00	0.05	0.12	40.8	99.80	96.20
100.00	167.00	0.05	0.12	40.8	99.80	96.10
100.00	167.00	0.05	0.12	40.8	99.80	98.00
100.00	111.00	0.05	0.12	40.8	150.15	99.45
100.00	111.00	0.05	0.12	40.8	150.15	96.70
100.00	111.00	0.05	0.12	40.8	150.15	98.60
150.00	125.00	0.05	0.09	30	266.67	97.00
150.00	150.00	0.05	0.09	30	222.22	98.30
150.00	175.00	0.05	0.09	30	190.48	97.00
150.00	200.00	0.05	0.09	30	166.67	93.30
100.00	1700.00	0.02	0.06	35.5	49.02	98.12
80.00	1500.00	0.02	0.04	35.5	66.67	98.33
80.00	700.00	0.02	0.08	35.5	71.43	99.02
100.00	1500.00	0.02	0.04	35.5	83.33	99.13
100.00	700.00	0.02	0.08	35.5	89.29	99.40
80.00	700.00	0.02	0.04	35.5	142.86	99.21
80.00	300.00	0.02	0.08	35.5	166.67	98.38
100.00	700.00	0.02	0.04	35.5	178.57	98.92
100.00	300.00	0.02	0.08	35.5	208.33	97.63
80.00	300.00	0.02	0.04	35.5	333.33	97.36
100.00	1388.00	0.02	0.04	35.5	90.06	98.92
100.00	925.00	0.02	0.06	35.5	90.09	99.16
100.00	694.00	0.02	0.08	35.5	90.06	98.84
100.00	462.00	0.02	0.12	35.5	90.19	98.46
100.00	1388.00	0.02	0.04	35.5	90.06	99.24
100.00	925.00	0.02	0.06	35.5	90.09	99.52
100.00	694.00	0.02	0.08	35.5	90.06	99.44
100.00	462.00	0.02	0.12	35.5	90.19	98.90
100.00	1388.00	0.02	0.04	35.5	90.06	99.08
100.00	925.00	0.02	0.06	35.5	90.09	99.01
100.00	694.00	0.02	0.08	35.5	90.06	98.98
100.00	462.00	0.02	0.12	35.5	90.19	97.85
100.00	400.00	0.03	0.03	38	277.78	97.20
100.00	591.00	0.03	0.07	38	86.77	98.50
100.00	600.00	0.03	0.08	38	74.07	97.60
100.00	400.00	0.03	0.10	38	83.33	98.00
100.00	400.00	0.03	0.15	38	55.56	91.20
220.00	960.00	0.04	0.08	46	71.61	95.80
220.00	960.00	0.04	0.08	46	71.61	95.50
220.00	960.00	0.04	0.08	46	71.61	95.90
220.00	960.00	0.04	0.08	46	71.61	95.20
220.00	960.00	0.04	0.08	46	71.61	95.30
220.00	960.00	0.04	0.08	46	71.61	95.80
220.00	960.00	0.04	0.08	46	71.61	95.80
150.00	400.00	0.04	0.08	30	117.19	99.00
150.00	500.00	0.04	0.08	30	93.75	99.30
150.00	600.00	0.04	0.08	30	78.13	98.20
150.00	700.00	0.04	0.08	30	66.96	95.90
150.00	800.00	0.04	0.08	30	58.59	91.70
175.00	668.00	0.03	0.12	36	72.77	99.90
175.00	668.00	0.03	0.12	36	72.77	99.30
175.00	668.00	0.03	0.12	36	72.77	99.00
175.00	668.00	0.03	0.12	36	72.77	98.00
200.00	2000.00	0.03	0.06	16	55.56	97.92
200.00	2000.00	0.03	0.06	30	55.56	97.00
200.00	2000.00	0.03	0.06	48	55.56	97.22
150.00	1250.00	0.03	0.08	30	50.00	96.57
150.00	714.00	0.03	0.14	30	50.02	97.46
150.00	781.00	0.03	0.08	30	80.03	99.86
150.00	446.00	0.03	0.14	30	80.08	99.84
200.00	1667.00	0.03	0.08	30	49.99	97.38
200.00	952.00	0.03	0.14	30	50.02	97.35
200.00	1042.00	0.03	0.08	30	79.97	99.70
200.00	595.00	0.03	0.14	30	80.03	99.27
150.00	750.00	0.03	0.12	30	55.56	98.72
175.00	750.00	0.03	0.12	30	64.81	99.73
70.00	1200.00	0.02	0.06	33	48.61	93.73
130.00	700.00	0.02	0.06	33	154.76	99.81
70.00	1200.00	0.02	0.06	33	48.61	94.07
130.00	700.00	0.02	0.06	33	154.76	99.75
180.40	821.60	0.02	0.07	30	152.06	98.31
269.60	821.60	0.02	0.07	30	227.24	98.62
180.40	1178.40	0.02	0.07	30	106.02	98.25
269.60	1178.40	0.02	0.07	30	158.44	98.63
180.40	821.60	0.02	0.11	30	101.84	98.61
269.60	821.60	0.02	0.11	30	152.20	98.53
180.40	1178.40	0.02	0.11	30	71.01	98.25
269.60	1178.40	0.02	0.11	30	106.12	98.38
150.00	1000.00	0.02	0.09	30	83.33	98.37
300.00	1000.00	0.02	0.09	30	166.67	98.71
225.00	700.00	0.02	0.09	30	178.57	98.73
225.00	1300.00	0.02	0.09	30	96.15	98.37
225.00	1000.00	0.02	0.06	30	187.50	98.43
225.00	1000.00	0.02	0.12	30	93.75	98.33
225.00	1000.00	0.02	0.09	30	125.00	98.65
225.00	1000.00	0.02	0.09	30	125.00	98.63
225.00	1000.00	0.02	0.09	30	125.00	98.62
225.00	1000.00	0.02	0.09	30	125.00	98.68
225.00	1000.00	0.02	0.09	30	125.00	98.71
225.00	1000.00	0.02	0.09	30	125.00	98.67
200.00	1000.00	0.05	0.11	35	36.36	96.62
200.00	857.00	0.05	0.11	35	42.43	98.43
200.00	750.00	0.05	0.11	35	48.48	98.87
